Set1
0.025585 
0.026798 
0.027029 
0.027478 
0.027806 
0.026840 
0.025831 
0.026458 
0.025766 
0.024970 
0.048992 
0.050374 
0.050272 
0.044858 
0.044737 
0.045442 
0.049975 
0.046238 
0.046699 
0.045998 
0.042518 
0.040327 
0.042465 
0.042375 
0.043202 
0.042779 
0.042796 
0.043679 
0.043383 
0.042280 
0.031752 
0.033475 
0.031507 
0.030129 
0.031432 
0.030023 
0.031443 
0.031360 
0.030480 
0.032686 
0.032495 
0.032612 
0.031430 
0.032510 
0.032449 
0.032552 
0.032882 
0.032939 
0.032205 
0.032903 
0.035455 
0.033279 
0.034833 
0.033900 
0.035466 
0.034423 
0.033978 
0.032256 
0.032638 
0.034109 
0.042200 
0.042567 
0.042041 
0.042863 
0.042189 
0.042037 
0.040695 
0.042176 
0.042376 
0.041566 
