Set2
0.286621 
0.328263 
0.320596 
0.367954 
0.403978 
0.374482 
0.395716 
0.364080 
0.323011 
0.341334 
0.520253 
0.514438 
0.540316 
0.502847 
0.516421 
0.542332 
0.526101 
0.496511 
0.577244 
0.591297 
0.474058 
0.537650 
0.759149 
0.501787 
0.473885 
0.493908 
0.542580 
0.517842 
0.511280 
0.482573 
0.351229 
0.349168 
0.331821 
0.339094 
0.342480 
0.356100 
0.362268 
0.390081 
0.363835 
0.378613 
0.332714 
0.367641 
0.332833 
0.332049 
0.329488 
0.342885 
0.352411 
0.342628 
0.329189 
0.327346 
0.346107 
0.347571 
0.337036 
0.330409 
0.353239 
0.336713 
0.322690 
0.331644 
0.329131 
0.334935 
0.327907 
0.341449 
0.333835 
0.339383 
0.323688 
0.324439 
0.323576 
0.325509 
0.332615 
0.321318 
