Set3 
9.298856 
9.272262 
9.270300 
9.328238 
9.318785 
9.303396 
9.332021 
9.285836 
9.266610 
9.306290 
10.886855 
8.882419 
8.937391 
8.839984 
8.883520 
8.911733 
8.880929 
8.860738 
8.782301 
8.843741 
5.953732 
6.018892 
5.949555 
5.954175 
5.965625 
6.001692 
6.005498 
5.943756 
5.953234 
6.007126 
3.955812 
3.918731 
3.906606 
3.976281 
3.914635 
3.916664 
3.908671 
3.904510 
3.956271 
3.922571 
3.925597 
3.869776 
3.927885 
3.882019 
3.874231 
3.921609 
3.859650 
3.921382 
3.862262 
3.887898 
3.871183 
3.910655 
3.914683 
3.894130 
3.880563 
3.871880 
3.881071 
3.882891 
3.863836 
3.873651 
3.885041 
3.944093 
3.890662 
3.877558 
3.928639 
3.914730 
3.879364 
3.892059 
3.906416 
3.899852 
