0.041844 
0.041648 
0.041670 
0.042080 
0.041755 
0.041864 
0.041773 
0.041757 
0.041897 
0.041592 
0.041701 
0.041962 
0.041895 
0.041306 
0.041797 
0.042057 
0.041764 
0.042128 
0.041417 
0.041875 
0.041893 
0.041412 
0.041673 
0.042002 
0.041524 
0.041517 
0.041588 
0.041469 
0.041665 
0.042002 
0.041572 
0.041653 
0.041900 
0.041400 
0.041346 
0.041708 
0.041479 
0.041541 
0.041971 
0.041362 
0.041520 
0.042136 
0.041631 
0.043456 
0.042018 
0.041449 
0.041716 
0.042033 
0.041229 
0.041448 
0.041691 
0.041940 
0.041300 
0.041920 
0.041619 
0.041609 
0.041778 
0.041600 
0.043511 
0.041855 
0.041652 
0.041500 
0.042044 
0.041867 
0.041523 
0.041778 
0.041526 
0.041650 
0.041602 
0.041539 
0.041599 
0.041743 
0.041697 
0.041333 
0.042003 
0.041329 
0.041455 
0.041801 
0.041515 
0.041461 
0.041752 
0.041468 
0.041581 
0.041852 
0.042370 
0.043333 
0.041897 
0.041540 
0.041679 
0.041660 
0.041804 
0.041875 
0.042000 
0.041973 
0.041380 
0.041798 
0.041888 
0.041767 
0.041628 
0.041643 
0.820366 
1.113518 
0.554754 
1.203612 
0.628196 
0.687427 
0.848499 
0.590500 
0.792976 
0.709424 
0.801573 
0.713905 
0.730551 
0.654817 
0.665552 
0.556392 
0.572270 
1.181117 
0.751500 
0.746293 
0.667050 
0.850610 
0.645702 
0.835108 
0.591265 
0.692815 
0.708084 
1.157624 
0.705118 
0.742888 
0.731212 
0.697108 
1.214801 
0.829845 
0.852355 
0.639090 
0.585908 
0.592490 
0.628642 
0.613818 
0.601215 
0.818766 
0.779987 
0.669600 
0.701067 
0.809495 
0.925902 
1.166660 
0.548187 
0.535926 
0.726118 
0.621100 
0.579708 
0.773598 
1.100457 
0.613826 
0.827654 
0.735257 
0.932416 
0.705019 
1.173565 
0.677759 
0.706010 
0.715514 
0.579100 
0.794685 
0.986498 
0.640201 
0.809466 
0.590453 
0.607114 
0.617441 
0.627253 
0.794908 
0.706828 
1.130698 
0.664506 
0.605091 
1.061975 
1.062990 
1.067434 
0.799090 
1.109018 
1.105757 
0.576806 
0.568145 
0.623001 
0.793139 
0.647855 
1.149579 
0.713014 
0.700100 
0.797836 
0.626786 
0.766865 
0.691877 
0.587393 
0.583628 
0.620801 
0.538926 
0.469063 
0.422565 
0.417144 
0.458639 
0.444616 
0.473897 
0.478770 
0.450231 
0.299289 
0.364538 
0.052546 
0.467057 
0.471244 
0.419284 
0.478060 
0.467839 
0.468556 
0.458599 
0.403858 
0.422214 
0.459762 
0.420081 
0.407681 
0.415788 
0.450561 
0.471791 
0.478433 
0.457769 
0.424850 
0.413955 
0.465391 
0.424245 
0.419175 
0.476964 
0.452558 
0.431484 
0.477576 
0.460130 
0.475231 
0.460230 
0.466587 
0.477703 
0.483768 
0.470935 
0.473408 
0.419763 
0.422914 
0.478445 
0.285128 
0.418525 
0.471585 
0.477622 
0.414892 
0.466021 
0.440503 
0.430195 
0.477555 
0.409203 
0.400972 
0.432928 
0.480576 
0.415845 
0.480413 
0.476047 
0.464255 
0.477983 
0.468599 
0.467301 
0.427293 
0.421771 
0.468475 
0.463931 
0.469715 
0.464773 
0.479259 
0.453926 
0.478649 
0.478543 
0.412044 
0.425325 
0.286886 
0.476118 
0.464630 
0.413299 
0.424384 
0.478112 
0.465431 
0.423974 
0.461917 
0.462554 
0.482619 
0.452756 
0.473108 
0.468562 
0.477239 
0.474427 
0.473059 
0.474958 
0.459496 
0.473476 
0.272745 
0.427697 
0.469596 
0.472603 
0.467707 
0.404354 
0.465515 
0.477226 
0.472721 
0.473097 
0.471062 
0.470010 
0.475469 
0.465613 
0.462016 
0.450098 
0.473121 
0.470389 
0.470063 
0.430842 
0.471950 
0.431062 
0.424457 
0.475218 
0.466639 
0.462268 
0.480558 
0.412806 
0.418308 
0.471862 
0.415784 
0.474412 
0.466611 
0.480551 
0.402309 
0.468345 
0.477098 
0.474834 
0.477887 
0.465323 
0.466675 
0.415376 
0.457885 
0.413192 
0.464614 
0.466927 
0.471563 
0.420910 
0.468110 
0.430125 
0.485288 
0.452640 
0.457568 
0.473320 
0.476434 
0.481122 
0.466702 
0.419528 
0.477498 
0.420275 
0.455862 
0.457255 
0.425172 
0.471960 
0.474351 
0.478598 
0.454880 
0.478249 
0.481897 
0.463081 
0.400937 
0.465008 
0.410777 
0.465534 
0.474185 
0.456670 
0.418188 
0.465348 
0.401597 
0.480591 
0.477735 
0.467242 
0.427077 
0.487643 
0.426077 
0.420592 
0.450500 
0.483794 
0.437773 
0.279697 
0.427087 
0.472629 
0.484951 
0.469546 
0.420392 
0.471595 
0.473441 
0.495677 
0.418156 
0.429572 
0.422191 
0.447425 
0.476461 
0.464574 
0.441953 
0.472260 
0.464328 
0.450571 
0.475100 
0.486155 
0.462035 
0.475961 
0.473912 
0.405773 
0.471455 
0.471913 
0.388495 
0.469151 
0.478139 
0.467162 
0.421765 
0.478549 
0.476580 
0.412078 
0.463180 
0.468038 
0.461337 
0.417309 
0.409843 
0.466518 
0.477843 
0.464876 
0.464884 
0.462914 
0.460571 
0.464246 
0.422159 
0.403317 
0.419505 
0.459977 
0.421099 
0.418383 
0.472271 
0.462257 
0.459743 
0.462756 
0.457510 
0.439712 
0.417735 
0.409539 
0.475412 
0.483283 
0.482897 
0.460127 
0.465863 
0.419235 
0.446259 
0.479932 
0.461279 
0.464690 
0.476123 
0.464273 
0.463326 
0.462361 
0.405280 
0.458021 
0.414294 
0.456790 
0.412753 
0.463290 
0.466632 
0.415669 
0.478309 
0.478084 
0.461874 
0.483075 
0.475160 
0.413824 
0.273127 
0.463020 
0.453015 
0.459851 
0.466325 
0.467210 
0.480522 
0.422806 
0.474098 
0.458048 
0.447596 
0.455106 
0.473510 
0.471152 
0.473973 
0.477802 
0.459239 
0.464454 
0.459904 
0.468325 
0.412332 
0.476363 
0.416547 
0.467254 
0.476789 
0.459117 
0.468768 
0.460404 
0.460727 
0.482989 
0.458537 
0.459681 
0.458587 
0.464090 
0.463046 
0.475070 
0.464521 
0.471880 
0.483763 
0.475259 
0.459252 
0.458998 
0.414576 
0.484760 
0.468416 
0.409571 
0.462948 
0.479510 
0.466953 
0.459364 
0.468446 
0.467316 
0.480396 
0.409927 
0.425452 
0.476041 
0.482102 
0.412754 
0.465517 
0.477384 
0.487711 
0.470132 
0.461910 
0.473069 
0.462977 
0.413270 
0.473585 
0.474987 
0.465478 
0.477217 
0.457408 
0.426968 
0.470163 
0.476032 
0.474190 
0.465556 
0.464604 
0.468219 
0.464102 
0.397850 
0.406537 
0.469929 
0.421062 
0.415721 
0.464038 
0.458791 
0.462576 
0.476710 
0.464723 
0.481392 
0.475747 
0.461903 
0.465753 
0.427347 
0.420409 
0.410455 
0.473757 
0.459194 
0.471870 
0.458265 
0.428353 
0.469747 
0.471872 
0.456742 
0.419375 
0.462787 
0.478098 
0.411375 
0.453792 
0.477912 
0.451829 
0.466662 
0.473740 
0.461933 
0.453872 
0.456654 
0.459691 
0.285246 
0.410169 
0.448909 
0.416283 
0.467536 
0.416448 
0.460965 
0.472734 
0.484449 
0.471285 
0.468605 
0.473196 
0.468268 
0.423402 
0.473119 
0.476311 
0.421018 
0.473180 
0.413006 
0.469568 
0.468940 
0.417203 
0.469015 
0.478067 
0.485699 
0.478830 
0.461309 
0.473671 
0.484075 
0.433662 
0.468631 
0.464962 
0.424783 
0.472041 
0.432097 
0.468970 
0.456886 
0.416434 
0.421847 
0.478736 
0.458347 
0.495568 
0.460609 
0.456341 
0.481287 
0.414339 
0.415487 
0.464812 
0.470219 
0.451422 
0.413610 
0.406404 
0.415406 
0.476075 
0.468636 
0.428002 
0.455148 
0.393385 
0.463437 
0.474339 
0.479035 
0.275333 
0.463413 
0.424792 
0.460241 
0.408421 
0.480775 
0.469677 
0.286313 
0.471332 
0.416903 
0.480192 
0.471707 
0.427969 
0.428680 
0.424292 
0.462650 
0.407606 
0.477335 
0.473295 
0.465757 
0.474693 
0.459894 
0.467119 
0.453656 
0.415172 
0.482382 
0.469346 
0.477143 
0.424051 
0.457507 
0.463730 
0.469829 
0.465355 
0.466255 
0.481424 
0.486492 
0.481306 
0.469910 
0.466123 
0.487372 
0.472864 
0.416416 
0.417729 
0.417183 
